0: 2 5 8 9 14 15 16 22 25 29 35 37 39
1: 2 5 8 9 14 15 16 19 22 24 25 29 35 37 39
2: 0 1 3 4 6 7 8 9 10 11 12 13 14 15 16 17 18 19 20 21 22 23 24 25 26 27 28 29 30 31 32 33 34 35 36 37 38 39
3: 2 5 12 16 25 27 29 31 34 39
4: 2 5 12 16 25 27 29 31 34 39
5: 0 1 3 4 6 7 8 9 10 11 12 13 14 15 16 17 18 19 20 21 22 23 24 25 26 27 28 29 30 31 32 33 34 35 36 37 38 39
6: 2 5 12 16 25 27 29 30 31 34 39
7: 2 5 12 16 23 25 27 29 31 34 39
8: 0 1 2 5 10 13 16 17 19 20 24 25 26 28 29 32 36 38 39
9: 0 1 2 5 12 13 14 16 17 19 20 24 25 26 27 28 29 31 32 34 36 38 39
10: 2 5 8 11 16 25 29 39
11: 2 5 10 16 25 29 33 39
12: 2 3 4 5 6 7 9 14 15 16 18 21 22 23 25 29 30 35 37 39
13: 2 5 8 9 14 15 16 17 22 25 29 35 37 38 39
14: 0 1 2 5 9 12 13 16 17 19 20 24 25 26 27 28 29 31 32 34 36 38 39
15: 0 1 2 5 12 13 16 17 19 20 24 25 26 27 28 29 31 32 34 36 38 39
16: 0 1 2 3 4 5 6 7 8 9 10 11 12 13 14 15 17 18 19 20 21 22 23 24 25 26 27 28 29 30 31 32 33 34 35 36 37 38 39
17: 2 5 8 9 13 14 15 16 22 25 29 35 37 38 39
18: 2 5 12 16 25 27 29 31 34 39
19: 1 2 5 8 9 14 15 16 22 24 25 29 35 37 39
20: 2 5 8 9 14 15 16 22 25 29 35 37 39
21: 2 5 12 16 25 27 29 31 34 39
22: 0 1 2 5 12 13 16 17 19 20 24 25 26 27 28 29 31 32 34 36 38 39
23: 2 5 7 12 16 25 27 29 31 34 39
24: 1 2 5 8 9 14 15 16 19 22 25 29 35 37 39
25: 0 1 2 3 4 5 6 7 8 9 10 11 12 13 14 15 16 17 18 19 20 21 22 23 24 26 27 28 29 30 31 32 33 34 35 36 37 38 39
26: 2 5 8 9 14 15 16 22 25 29 35 37 39
27: 2 3 4 5 6 7 9 14 15 16 18 21 22 23 25 29 30 35 37 39
28: 2 5 8 9 14 15 16 22 25 29 35 37 39
29: 0 1 2 3 4 5 6 7 8 9 10 11 12 13 14 15 16 17 18 19 20 21 22 23 24 25 26 27 28 30 31 32 33 34 35 36 37 38 39
30: 2 5 6 12 16 25 27 29 31 34 39
31: 2 3 4 5 6 7 9 14 15 16 18 21 22 23 25 29 30 35 37 39
32: 2 5 8 9 14 15 16 22 25 29 35 37 39
33: 2 5 11 16 25 29 39
34: 2 3 4 5 6 7 9 14 15 16 18 21 22 23 25 29 30 35 37 39
35: 0 1 2 5 12 13 16 17 19 20 24 25 26 27 28 29 31 32 34 36 38 39
36: 2 5 8 9 14 15 16 22 25 29 35 37 39
37: 0 1 2 5 12 13 16 17 19 20 24 25 26 27 28 29 31 32 34 36 38 39
38: 2 5 8 9 13 14 15 16 17 22 25 29 35 37 39
39: 0 1 2 3 4 5 6 7 8 9 10 11 12 13 14 15 16 17 18 19 20 21 22 23 24 25 26 27 28 29 30 31 32 33 34 35 36 37 38
